LBTConfig([ILP64] libopenblas64_.so)
--------------------------------------------------------------------------------
                       ========================================                 
                               WELCOME TO JULIACHEM.JL!                         
                       ========================================                 
                                                                                
              JuliaChem.jl is an electronic structure theory package            
         developed by the Gordon group at Iowa State University. It is          
        designed to apply the strengths of the Julia programming language       
          (high-level semantics and low-level performance) to a quantum         
                                chemistry package.                              
                                                                                
         For more information, refer to the following paper: Poole, D.          
        Galvaz Vallejo, J. L.; Gordon, M. S. "A New Kid on the Block:          
         Application of Julia to Hartree-Fock Calculations." J. Chem.          
                     Theory Compute. 2020, 16, 8, 5006-5013.                    
                                                                                
       For questions on usage, email David Poole at davpoole@iastate.edu.       
                             Jackson                                            
--------------------------------------------------------------------------------
--------------------------------------------------------------------------------
                       ========================================                 
                                READING INPUT DATA FILE                         
                       ========================================                 
 
 
Number of worker processes: 1
Number of threads per process: 12
Number of threads in total: 12
 
                       ========================================                 
                                       END INPUT                                
                       ========================================                 
--------------------------------------------------------------------------------
--------------------------------------------------------------------------------
                       ========================================                 
                                GENERATING BASIS SET                            
                       ========================================                 
 
----------------------------------------          
          Printing basis set...                   
----------------------------------------          

Atom #1 (O):
  Shell     Ang. Mom.     Prim.       Exp.         Coeff.
    1          S            1      11720.000000     0.000710
    1          S            2      1759.000000     0.005470
    1          S            3      400.800000     0.027837
    1          S            4      113.700000     0.104800
    1          S            5      37.030000     0.283062
    1          S            6      13.270000     0.448719
    1          S            7      5.025000     0.270952
    1          S            8      1.013000     0.015458
 
    2          S            1      11720.000000     -0.000160
    2          S            2      1759.000000     -0.001263
    2          S            3      400.800000     -0.006267
    2          S            4      113.700000     -0.025716
    2          S            5      37.030000     -0.070924
    2          S            6      13.270000     -0.165411
    2          S            7      5.025000     -0.116955
    2          S            8      1.013000     0.557368
 
    3          S            1      0.302300     1.000000
 
    4          P            1      17.700000     0.043018
    4          P            2      3.854000     0.228913
    4          P            3      1.046000     0.508728
 
    5          P            1      0.275300     1.000000
 
    6          D            1      1.185000     1.000000
 
 
Atom #2 (H):
  Shell     Ang. Mom.     Prim.       Exp.         Coeff.
    1          S            1      13.010000     0.019685
    1          S            2      1.962000     0.137977
    1          S            3      0.444600     0.478148
 
    2          S            1      0.122000     1.000000
 
    3          P            1      0.727000     1.000000
 
 
Atom #3 (H):
  Shell     Ang. Mom.     Prim.       Exp.         Coeff.
    1          S            1      13.010000     0.019685
    1          S            2      1.962000     0.137977
    1          S            3      0.444600     0.478148
 
    2          S            1      0.122000     1.000000
 
    3          P            1      0.727000     1.000000
 
 
----------------------------------------          
       Printing Auxillary basis set...            
----------------------------------------          

Atom #1 (O):
  Shell     Ang. Mom.     Prim.       Exp.         Coeff.
    1          S            1      109.461000     1.000000
 
    2          S            1      25.578000     1.000000
 
    3          S            1      9.551480     1.000000
 
    4          S            1      2.939600     1.000000
 
    5          S            1      1.396380     1.000000
 
    6          S            1      0.905061     1.000000
 
    7          S            1      0.421376     1.000000
 
    8          P            1      36.129200     1.000000
 
    9          P            1      10.881700     1.000000
 
    10          P            1      3.205940     1.000000
 
    11          P            1      1.403870     1.000000
 
    12          P            1      0.612763     1.000000
 
    13          D            1      15.251100     1.000000
 
    14          D            1      4.520870     1.000000
 
    15          D            1      1.812210     1.000000
 
    16          D            1      0.592201     1.000000
 
    17          F            1      4.221940     1.000000
 
    18          F            1      1.790210     1.000000
 
 
Atom #2 (H):
  Shell     Ang. Mom.     Prim.       Exp.         Coeff.
    1          S            1      5.115890     1.000000
 
    2          S            1      1.142965     1.000000
 
    3          S            1      0.291662     1.000000
 
    4          P            1      1.914964     1.000000
 
    5          P            1      0.986401     1.000000
 
    6          D            1      1.172083     1.000000
 
 
Atom #3 (H):
  Shell     Ang. Mom.     Prim.       Exp.         Coeff.
    1          S            1      5.115890     1.000000
 
    2          S            1      1.142965     1.000000
 
    3          S            1      0.291662     1.000000
 
    4          P            1      1.914964     1.000000
 
    5          P            1      0.986401     1.000000
 
    6          D            1      1.172083     1.000000
 
 
----------------------------------------          
     Printing basis set metadata...               
----------------------------------------          

Basis set: cc-pVDZ
Number of basis functions: 25
Auxillary Basis set: cc-pVDZ-RIFIT
Number of auxillary basis functions: 96
Number of electrons: 10
 
                       ========================================                 
                                       END BASIS                                
                       ========================================                 
--------------------------------------------------------------------------------
---------------------------------------------------------------------------------
                       ========================================          
                             MOLECULAR COORDINATE ANALYSIS               
                       ========================================          

----------------------------------------          
         Printing coordinates                     
            in xyz format...                      
----------------------------------------          
 
3

O         0.0     -0.14320516549977125     0.0
H         1.638033383417192     1.1365739651651092     0.0
H         -1.638033383417192     1.1365739651651092     0.0

                       ========================================          
                                END COORDINATE ANALYSIS                  
                       ========================================          
--------------------------------------------------------------------------------
                       ========================================                 
                                RESTRICTED CLOSED-SHELL                         
                                  HARTREE-FOCK ENERGY                           
                       ========================================                 

SCF Options:
------------------------------
Density Fitting: true
Contraction Mode: dense
Integral Load: static
Guess: hcore
Energy Convergence: 1.0e-6
Density Convergence: 1.0e-6
DF Energy Convergence: 1.0e-6
DF Density Convergence: 1.0e-6
Max Iterations: 50
DF Max Iterations: 50
------------------------------
----------------------------------------          
       Starting RHF iterations...                 
----------------------------------------          
 
Iter        Energy                ΔE                Drms                time
1.66984303e+01 -4.65158392e+00 2.61629778e+00 1.27459362e-14 7.64614048e-03 -7.81755899e-17 3.03832527e-15 2.25209164e-04 -1.29573667e-17 7.51578024e-01 -1.57640424e-14 8.93971843e-17 7.51802727e-01 -8.19815781e-17 7.51949742e-01 4.45941659e-01 8.10023395e-01 -6.62406699e-01 -5.17500713e-01 1.79524981e-17 4.45941659e-01 8.10023395e-01 6.62406699e-01 -5.17500713e-01 -2.62511775e-17 
-4.65158392e+00 1.03642760e+01 5.65587305e+00 1.20463725e-15 2.80197053e-02 6.54065493e-17 4.18120158e-16 7.28288613e-03 3.49404852e-17 5.20144282e+00 7.70115018e-15 -1.39419771e-18 5.20395946e+00 -1.38424164e-17 5.20673220e+00 1.46795557e+00 2.22074252e+00 -1.93578665e+00 -1.51019589e+00 2.20574431e-17 1.46795557e+00 2.22074252e+00 1.93578665e+00 -1.51019589e+00 -1.43755353e-17 
2.61629778e+00 5.65587305e+00 7.00863629e+00 4.90560335e-15 2.06551933e-02 -6.19543511e-17 3.33824261e-15 1.54947206e-02 4.77082789e-18 5.01326193e+00 -5.98505266e-16 3.72263801e-17 5.01473301e+00 -4.31152597e-17 5.01626723e+00 2.43713283e+00 3.53374109e+00 -2.16908164e+00 -1.68961275e+00 2.07457836e-17 2.43713283e+00 3.53374109e+00 2.16908164e+00 -1.68961275e+00 -2.06696323e-17 
1.27459362e-14 1.20463725e-15 4.90560335e-15 1.00896961e+01 -6.04189806e-15 -2.01740179e-17 3.84524246e+00 1.86131851e-16 -9.00874210e-18 6.86705610e-15 -4.50756145e-04 -3.38085290e-17 2.64224116e-15 1.41963935e-16 1.23958595e-15 1.24432754e+00 6.18552821e-01 -1.40890992e+00 -1.78714370e+00 -3.75713919e-17 -1.24432754e+00 -6.18552821e-01 -1.40890992e+00 1.78714370e+00 2.64397818e-17 
7.64614048e-03 2.80197053e-02 2.06551933e-02 -6.04189806e-15 1.00920671e+01 -4.55490675e-17 -2.04858954e-16 3.84357294e+00 -4.11418405e-17 1.04907902e-02 6.53227408e-16 5.05262744e-17 2.25572229e-02 -9.20865051e-17 1.54609202e-02 9.76790449e-01 4.90358691e-01 -1.79354662e+00 -5.22221666e-01 -6.08610146e-17 9.76790449e-01 4.90358691e-01 1.79354662e+00 -5.22221666e-01 -4.55621753e-17 
-7.81755899e-17 6.54065493e-17 -6.19543511e-17 -2.01740179e-17 -4.55490675e-17 1.00952656e+01 7.04557572e-17 -5.90777348e-17 3.84110257e+00 -9.96933638e-17 -3.95779926e-17 -5.16626037e-15 -6.65985971e-17 8.45616252e-03 6.28226861e-17 -2.75457343e-17 -3.56123037e-17 2.12428833e-17 -1.83996053e-17 8.77745009e-01 -1.98919280e-16 -7.65871161e-17 -2.21827114e-16 -1.71713516e-17 8.77745009e-01 
3.03832527e-15 4.18120158e-16 3.33824261e-15 3.84524246e+00 -2.04858954e-16 7.04557572e-17 5.30229207e+00 1.53720560e-15 2.52142636e-17 2.56027771e-15 7.56637624e-03 -1.39971323e-17 7.65662191e-16 6.19771888e-17 5.75802667e-16 2.32982609e+00 1.45002779e+00 -5.95468680e-01 -1.72219381e+00 -4.95390076e-20 -2.32982609e+00 -1.45002779e+00 -5.95468680e-01 1.72219381e+00 7.11567833e-18 
2.25209164e-04 7.28288613e-03 1.54947206e-02 1.86131851e-16 3.84357294e+00 -5.90777348e-17 1.53720560e-15 5.30120724e+00 -2.79992237e-17 4.40683907e-03 8.17765587e-16 2.96343942e-17 1.65945900e-02 -4.48580501e-17 5.76418383e-03 1.82442403e+00 1.14270110e+00 -1.73010561e+00 2.67348539e-01 -2.07337876e-17 1.82442403e+00 1.14270110e+00 1.73010561e+00 2.67348539e-01 -1.50265312e-17 
-1.29573667e-17 3.49404852e-17 4.77082789e-18 -9.00874210e-18 -4.11418405e-17 3.84110257e+00 2.52142636e-17 -2.79992237e-17 5.29945717e+00 -2.46096850e-17 -9.60199310e-18 -9.07598159e-16 -1.55027060e-17 9.73115056e-03 4.99123440e-17 -4.37227149e-18 2.48046497e-18 4.53243561e-18 -1.17807444e-17 1.61452999e+00 -6.99181323e-17 -1.22800146e-17 -8.37709383e-17 -1.25870014e-17 1.61452999e+00 
7.51578024e-01 5.20144282e+00 5.01326193e+00 6.86705610e-15 1.04907902e-02 -9.96933638e-17 2.56027771e-15 4.40683907e-03 -2.46096850e-17 8.08320687e+00 -1.37133662e-15 2.65142444e-17 2.42963145e+00 -3.64864194e-17 2.42993850e+00 1.84374043e+00 2.18361427e+00 -1.65826285e+00 -2.40415982e+00 6.85599295e-18 1.84374043e+00 2.18361427e+00 1.65826285e+00 -2.40415982e+00 -2.17923067e-17 
-1.57640424e-14 7.70115018e-15 -5.98505266e-16 -4.50756145e-04 6.53227408e-16 -3.95779926e-17 7.56637624e-03 8.17765587e-16 -9.60199310e-18 -1.37133662e-15 8.48605728e+00 -1.42939878e-17 2.83502846e-15 2.18982370e-17 2.45795770e-15 1.09012948e+00 1.57918133e-01 -1.51001813e+00 -6.97549661e-01 -8.04041690e-18 -1.09012948e+00 -1.57918133e-01 -1.51001813e+00 6.97549661e-01 2.91834631e-18 
8.93971843e-17 -1.39419771e-18 3.72263801e-17 -3.38085290e-17 5.05262744e-17 -5.16626037e-15 -1.39971323e-17 2.96343942e-17 -9.07598159e-16 2.65142444e-17 -1.42939878e-17 8.48144130e+00 2.45794153e-17 2.05046243e-15 1.82883018e-17 7.22928566e-18 1.54046049e-17 -1.51461743e-17 -8.95747674e-18 1.23200258e+00 3.61863147e-17 2.13272731e-17 4.36591970e-17 -1.62791365e-17 -1.23200258e+00 
7.51802727e-01 5.20395946e+00 5.01473301e+00 2.64224116e-15 2.25572229e-02 -6.65985971e-17 7.65662191e-16 1.65945900e-02 -1.55027060e-17 2.42963145e+00 2.83502846e-15 2.45794153e-17 8.08478978e+00 -3.15109474e-17 2.43169886e+00 1.53329785e+00 2.14087513e+00 -2.37423012e+00 -7.39609703e-01 6.71276831e-18 1.53329785e+00 2.14087513e+00 2.37423012e+00 -7.39609703e-01 -2.25644877e-17 
-8.19815781e-17 -1.38424164e-17 -4.31152597e-17 1.41963935e-16 -9.20865051e-17 8.45616252e-03 6.19771888e-17 -4.48580501e-17 9.73115056e-03 -3.64864194e-17 2.18982370e-17 2.05046243e-15 -3.15109474e-17 8.48115550e+00 -1.18683708e-17 -3.14087546e-18 -1.29771827e-17 5.65096860e-18 -1.42741181e-17 9.63982930e-01 -6.26231721e-17 -3.59816617e-17 -7.65331977e-17 3.28337976e-17 9.63982930e-01 
7.51949742e-01 5.20673220e+00 5.01626723e+00 1.23958595e-15 1.54609202e-02 6.28226861e-17 5.75802667e-16 5.76418383e-03 4.99123440e-17 2.42993850e+00 2.45795770e-15 1.82883018e-17 2.43169886e+00 -1.18683708e-17 8.08787781e+00 1.04066449e+00 2.06943591e+00 -1.25693174e+00 -9.80773468e-01 2.69273306e-17 1.04066449e+00 2.06943591e+00 1.25693174e+00 -9.80773468e-01 -1.34832235e-17 
4.45941659e-01 1.46795557e+00 2.43713283e+00 1.24432754e+00 9.76790449e-01 -2.75457343e-17 2.32982609e+00 1.82442403e+00 -4.37227149e-18 1.84374043e+00 1.09012948e+00 7.22928566e-18 1.53329785e+00 -3.14087546e-18 1.04066449e+00 4.67927641e+00 3.07325841e+00 -9.52803601e-01 -7.36480752e-01 2.44572671e-18 4.01364410e-01 1.24243619e+00 5.64040302e-01 -6.29202776e-02 -7.04079653e-18 
8.10023395e-01 2.22074252e+00 3.53374109e+00 6.18552821e-01 4.90358691e-01 -3.56123037e-17 1.45002779e+00 1.14270110e+00 2.48046497e-18 2.18361427e+00 1.57918133e-01 1.54046049e-17 2.14087513e+00 -1.29771827e-17 2.06943591e+00 3.07325841e+00 3.89063165e+00 -8.00712841e-01 -6.19059481e-01 8.90481300e-18 1.24243619e+00 2.34791981e+00 1.05132576e+00 -2.67744650e-01 -6.99785895e-18 
-6.62406699e-01 -1.93578665e+00 -2.16908164e+00 -1.40890992e+00 -1.79354662e+00 2.12428833e-17 -5.95468680e-01 -1.73010561e+00 4.53243561e-18 -1.65826285e+00 -1.51001813e+00 -1.51461743e-17 -2.37423012e+00 5.65096860e-18 -1.25693174e+00 -9.52803601e-01 -8.00712841e-01 4.85841901e+00 3.42619116e-01 8.16598134e-18 -5.64040302e-01 -1.05132576e+00 -9.06902146e-01 7.85705934e-02 1.08752816e-17 
-5.17500713e-01 -1.51019589e+00 -1.68961275e+00 -1.78714370e+00 -5.22221666e-01 -1.83996053e-17 -1.72219381e+00 2.67348539e-01 -1.17807444e-17 -2.40415982e+00 -6.97549661e-01 -8.95747674e-18 -7.39609703e-01 -1.42741181e-17 -9.80773468e-01 -7.36480752e-01 -6.19059481e-01 3.42619116e-01 4.68135956e+00 -1.34732803e-19 -6.29202776e-02 -2.67744650e-01 -7.85705934e-02 1.37301709e-01 1.51731422e-19 
1.79524981e-17 2.20574431e-17 2.07457836e-17 -3.75713919e-17 -6.08610146e-17 8.77745009e-01 -4.95390076e-20 -2.07337876e-17 1.61452999e+00 6.85599295e-18 -8.04041690e-18 1.23200258e+00 6.71276831e-18 9.63982930e-01 2.69273306e-17 2.44572671e-18 8.90481300e-18 8.16598134e-18 -1.34732803e-19 4.41608469e+00 -1.30401258e-17 4.05509944e-18 -1.79751144e-17 -1.13793389e-17 1.15797765e-01 
4.45941659e-01 1.46795557e+00 2.43713283e+00 -1.24432754e+00 9.76790449e-01 -1.98919280e-16 -2.32982609e+00 1.82442403e+00 -6.99181323e-17 1.84374043e+00 -1.09012948e+00 3.61863147e-17 1.53329785e+00 -6.26231721e-17 1.04066449e+00 4.01364410e-01 1.24243619e+00 -5.64040302e-01 -6.29202776e-02 -1.30401258e-17 4.67927641e+00 3.07325841e+00 9.52803601e-01 -7.36480752e-01 -1.61568256e-17 
8.10023395e-01 2.22074252e+00 3.53374109e+00 -6.18552821e-01 4.90358691e-01 -7.65871161e-17 -1.45002779e+00 1.14270110e+00 -1.22800146e-17 2.18361427e+00 -1.57918133e-01 2.13272731e-17 2.14087513e+00 -3.59816617e-17 2.06943591e+00 1.24243619e+00 2.34791981e+00 -1.05132576e+00 -2.67744650e-01 4.05509944e-18 3.07325841e+00 3.89063165e+00 8.00712841e-01 -6.19059481e-01 -5.58634796e-18 
6.62406699e-01 1.93578665e+00 2.16908164e+00 -1.40890992e+00 1.79354662e+00 -2.21827114e-16 -5.95468680e-01 1.73010561e+00 -8.37709383e-17 1.65826285e+00 -1.51001813e+00 4.36591970e-17 2.37423012e+00 -7.65331977e-17 1.25693174e+00 5.64040302e-01 1.05132576e+00 -9.06902146e-01 -7.85705934e-02 -1.79751144e-17 9.52803601e-01 8.00712841e-01 4.85841901e+00 -3.42619116e-01 -4.11530067e-17 
-5.17500713e-01 -1.51019589e+00 -1.68961275e+00 1.78714370e+00 -5.22221666e-01 -1.71713516e-17 1.72219381e+00 2.67348539e-01 -1.25870014e-17 -2.40415982e+00 6.97549661e-01 -1.62791365e-17 -7.39609703e-01 3.28337976e-17 -9.80773468e-01 -6.29202776e-02 -2.67744650e-01 7.85705934e-02 1.37301709e-01 -1.13793389e-17 -7.36480752e-01 -6.19059481e-01 -3.42619116e-01 4.68135956e+00 7.52049859e-18 
-2.62511775e-17 -1.43755353e-17 -2.06696323e-17 2.64397818e-17 -4.55621753e-17 8.77745009e-01 7.11567833e-18 -1.50265312e-17 1.61452999e+00 -2.17923067e-17 2.91834631e-18 -1.23200258e+00 -2.25644877e-17 9.63982930e-01 -1.34832235e-17 -7.04079653e-18 -6.99785895e-18 1.08752816e-17 1.51731422e-19 1.15797765e-01 -1.61568256e-17 -5.58634796e-18 -4.11530067e-17 7.52049859e-18 4.41608469e+00 
  1.078626 seconds (416.06 k allocations: 30.612 MiB, 336.35% compilation time)
1      -56.8798183982      -56.8798183982      14.3470039618      3.2867941856 
8.55188707e+00 -2.44965973e+00 1.31787224e+00 1.30385042e-14 5.94862839e-02 -4.88235649e-17 3.43452518e-15 8.67119976e-03 -1.06284521e-17 3.97296295e-01 -1.10649745e-14 6.80337243e-17 3.97853894e-01 -6.74037460e-17 3.96461929e-01 2.29581147e-01 4.11759018e-01 -3.41840299e-01 -2.64898075e-01 1.75332166e-17 2.29581147e-01 4.11759018e-01 3.41840299e-01 -2.64898075e-01 -1.86823727e-17 
-2.44965973e+00 6.12602535e+00 3.42848858e+00 -1.45855711e-14 1.39724774e-01 -2.22292359e-17 -1.12905788e-14 3.30082250e-02 2.67297578e-17 3.15499254e+00 -1.83592764e-15 -3.05908274e-17 3.14412374e+00 -2.03739721e-17 3.13480092e+00 8.36824493e-01 1.33837932e+00 -1.22054847e+00 -9.40317132e-01 -2.17047854e-18 8.36824493e-01 1.33837932e+00 1.22054847e+00 -9.40317132e-01 9.83183664e-18 
1.31787224e+00 3.42848858e+00 4.31622327e+00 -1.07003340e-14 1.20815777e-01 -2.26431088e-17 -1.38187927e-14 1.60579910e-01 3.09003612e-17 3.03213461e+00 -7.42671519e-15 -1.77335894e-18 3.02450455e+00 -4.08939707e-17 3.01442693e+00 1.59104058e+00 2.31081778e+00 -1.38328861e+00 -1.03170518e+00 1.24638720e-18 1.59104058e+00 2.31081778e+00 1.38328861e+00 -1.03170518e+00 7.93089690e-18 
1.30385042e-14 -1.45855711e-14 -1.07003340e-14 6.17255920e+00 8.27671496e-15 5.71415667e-17 2.39102612e+00 1.29744168e-14 2.09833912e-17 -6.86509616e-15 1.73414222e-01 6.77436518e-17 -6.74255718e-15 4.22131781e-17 -8.10934406e-15 7.38379498e-01 3.79421387e-01 -9.42157095e-01 -1.17531030e+00 3.04865813e-17 -7.38379498e-01 -3.79421387e-01 -9.42157095e-01 1.17531030e+00 1.57902259e-18 
5.94862839e-02 1.39724774e-01 1.20815777e-01 8.27671496e-15 6.25134035e+00 -7.55990297e-18 7.30688884e-15 2.50113094e+00 -1.68186378e-18 3.62994554e-02 4.34398354e-15 2.48654479e-20 2.72047032e-01 2.15025727e-17 3.80559425e-02 6.51394361e-01 3.50403230e-01 -1.25116671e+00 -3.46606139e-01 -4.45789107e-19 6.51394361e-01 3.50403230e-01 1.25116671e+00 -3.46606139e-01 2.37570355e-18 
-4.88235649e-17 -2.22292359e-17 -2.26431088e-17 5.71415667e-17 -7.55990297e-18 6.24389710e+00 1.92542831e-17 1.44005237e-17 2.51754491e+00 -3.65518252e-17 1.30841690e-17 1.52245713e-15 -4.02347677e-17 2.03639831e-01 -5.31339347e-18 2.02146864e-17 4.72577945e-18 -3.71479640e-18 -1.49174327e-18 6.13948514e-01 4.17590141e-18 6.11248686e-17 -5.46997651e-17 4.65319943e-17 6.13948514e-01 
3.43452518e-15 -1.12905788e-14 -1.38187927e-14 2.39102612e+00 7.30688884e-15 1.92542831e-17 3.68782213e+00 1.06585007e-14 1.93449793e-17 -1.24454451e-14 1.08693414e-01 5.13431247e-17 -8.67050907e-15 3.36878968e-17 -9.84844792e-15 1.68923505e+00 1.07641415e+00 -3.12657211e-01 -1.16882309e+00 3.32193085e-17 -1.68923505e+00 -1.07641415e+00 -3.12657211e-01 1.16882309e+00 -7.37482630e-18 
8.67119976e-03 3.30082250e-02 1.60579910e-01 1.29744168e-14 2.50113094e+00 1.44005237e-17 1.06585007e-14 3.81359226e+00 -9.81315495e-19 -1.85661778e-03 1.49567397e-15 1.36800753e-18 1.98081892e-01 1.85662516e-17 1.30686812e-02 1.43492516e+00 9.87308299e-01 -1.29203442e+00 3.52316813e-01 -6.28449009e-18 1.43492516e+00 9.87308299e-01 1.29203442e+00 3.52316813e-01 1.00820017e-17 
-1.06284521e-17 2.67297578e-17 3.09003612e-17 2.09833912e-17 -1.68186378e-18 2.51754491e+00 1.93449793e-17 -9.81315495e-19 3.81932421e+00 1.75316831e-17 8.92138851e-18 -2.12006952e-15 1.46323717e-17 1.67160524e-01 4.02496636e-17 1.84629327e-17 5.17933065e-18 -1.84442738e-17 -1.79353059e-17 1.30294325e+00 -1.35890608e-17 1.65164858e-19 8.08853267e-18 -6.25118547e-18 1.30294325e+00 
3.97296295e-01 3.15499254e+00 3.03213461e+00 -6.86509616e-15 3.62994554e-02 -3.65518252e-17 -1.24454451e-14 -1.85661778e-03 1.75316831e-17 4.94924781e+00 -8.20515897e-15 -8.20275143e-18 1.45326590e+00 -3.62282134e-17 1.45845566e+00 1.10821795e+00 1.32092560e+00 -1.03097757e+00 -1.56065189e+00 4.33907841e-18 1.10821795e+00 1.32092560e+00 1.03097757e+00 -1.56065189e+00 5.30499107e-18 
-1.10649745e-14 -1.83592764e-15 -7.42671519e-15 1.73414222e-01 4.34398354e-15 1.30841690e-17 1.08693414e-01 1.49567397e-15 8.92138851e-18 -8.20515897e-15 5.20721100e+00 1.86992799e-17 -6.17428462e-15 1.19091904e-17 -3.63991051e-16 7.47502701e-01 1.13185347e-01 -1.06927234e+00 -4.90858421e-01 1.52640063e-17 -7.47502701e-01 -1.13185347e-01 -1.06927234e+00 4.90858421e-01 -3.72814116e-18 
6.80337243e-17 -3.05908274e-17 -1.77335894e-18 6.77436518e-17 2.48654479e-20 1.52245713e-15 5.13431247e-17 1.36800753e-18 -2.12006952e-15 -8.20275143e-18 1.86992799e-17 5.17180130e+00 -7.20322959e-18 3.16997186e-15 -8.77807798e-18 2.58134770e-17 1.09372577e-18 -1.76922090e-17 -1.99280896e-17 8.52131578e-01 -2.66960207e-17 -1.69113806e-18 -2.17670430e-17 2.37634444e-17 -8.52131578e-01 
3.97853894e-01 3.14412374e+00 3.02450455e+00 -6.74255718e-15 2.72047032e-01 -4.02347677e-17 -8.67050907e-15 1.98081892e-01 1.46323717e-17 1.45326590e+00 -6.17428462e-15 -7.20322959e-18 4.91024988e+00 -2.55979813e-17 1.45966961e+00 9.41472184e-01 1.31902975e+00 -1.59669014e+00 -4.28034659e-01 9.54467431e-19 9.41472184e-01 1.31902975e+00 1.59669014e+00 -4.28034659e-01 4.28689463e-18 
-6.74037460e-17 -2.03739721e-17 -4.08939707e-17 4.22131781e-17 2.15025727e-17 2.03639831e-01 3.36878968e-17 1.85662516e-17 1.67160524e-01 -3.62282134e-17 1.19091904e-17 3.16997186e-15 -2.55979813e-17 5.13914334e+00 -2.37579202e-17 1.66451433e-17 -7.00558736e-18 -4.02088907e-18 -1.17985775e-18 6.93921957e-01 -2.95357925e-17 2.97588073e-18 -2.63394488e-17 2.97980339e-17 6.93921957e-01 
3.96461929e-01 3.13480092e+00 3.01442693e+00 -8.10934406e-15 3.80559425e-02 -5.31339347e-18 -9.84844792e-15 1.30686812e-02 4.02496636e-17 1.45845566e+00 -3.63991051e-16 -8.77807798e-18 1.45966961e+00 -2.37579202e-17 4.86173447e+00 5.72437858e-01 1.25016147e+00 -7.66110539e-01 -5.96641219e-01 5.66847391e-18 5.72437858e-01 1.25016147e+00 7.66110539e-01 -5.96641219e-01 7.43402457e-18 
2.29581147e-01 8.36824493e-01 1.59104058e+00 7.38379498e-01 6.51394361e-01 2.02146864e-17 1.68923505e+00 1.43492516e+00 1.84629327e-17 1.10821795e+00 7.47502701e-01 2.58134770e-17 9.41472184e-01 1.66451433e-17 5.72437858e-01 3.73137907e+00 2.35137619e+00 -3.66760037e-01 -1.69938303e-01 1.65813398e-17 2.86640879e-01 8.80563004e-01 3.60676988e-01 -1.50478485e-02 3.93541415e-18 
4.11759018e-01 1.33837932e+00 2.31081778e+00 3.79421387e-01 3.50403230e-01 4.72577945e-18 1.07641415e+00 9.87308299e-01 5.17933065e-18 1.32092560e+00 1.13185347e-01 1.09372577e-18 1.31902975e+00 -7.00558736e-18 1.25016147e+00 2.35137619e+00 3.04852617e+00 -3.56292840e-01 -1.88142041e-01 -2.01636764e-17 8.80563004e-01 1.73625309e+00 7.11008241e-01 -7.60273219e-02 2.12401828e-18 
-3.41840299e-01 -1.22054847e+00 -1.38328861e+00 -9.42157095e-01 -1.25116671e+00 -3.71479640e-18 -3.12657211e-01 -1.29203442e+00 -1.84442738e-17 -1.03097757e+00 -1.06927234e+00 -1.76922090e-17 -1.59669014e+00 -4.02088907e-18 -7.66110539e-01 -3.66760037e-01 -3.56292840e-01 4.18912100e+00 7.17777096e-02 -1.93229972e-17 -3.60676988e-01 -7.11008241e-01 -6.34724762e-01 4.24772271e-03 -2.63434071e-18 
-2.64898075e-01 -9.40317132e-01 -1.03170518e+00 -1.17531030e+00 -3.46606139e-01 -1.49174327e-18 -1.16882309e+00 3.52316813e-01 -1.79353059e-17 -1.56065189e+00 -4.90858421e-01 -1.99280896e-17 -4.28034659e-01 -1.17985775e-18 -5.96641219e-01 -1.69938303e-01 -1.88142041e-01 7.17777096e-02 4.09373204e+00 -1.97291153e-17 -1.50478485e-02 -7.60273219e-02 -4.24772271e-03 8.02595402e-02 -2.06208270e-18 
1.75332166e-17 -2.17047854e-18 1.24638720e-18 3.04865813e-17 -4.45789107e-19 6.13948514e-01 3.32193085e-17 -6.28449009e-18 1.30294325e+00 4.33907841e-18 1.52640063e-17 8.52131578e-01 9.54467431e-19 6.93921957e-01 5.66847391e-18 1.65813398e-17 -2.01636764e-17 -1.93229972e-17 -1.97291153e-17 4.04353443e+00 -3.34336318e-17 -2.25835869e-17 -6.16993719e-18 7.43898054e-19 9.00078516e-02 
2.29581147e-01 8.36824493e-01 1.59104058e+00 -7.38379498e-01 6.51394361e-01 4.17590141e-18 -1.68923505e+00 1.43492516e+00 -1.35890608e-17 1.10821795e+00 -7.47502701e-01 -2.66960207e-17 9.41472184e-01 -2.95357925e-17 5.72437858e-01 2.86640879e-01 8.80563004e-01 -3.60676988e-01 -1.50478485e-02 -3.34336318e-17 3.73137907e+00 2.35137619e+00 3.66760037e-01 -1.69938303e-01 1.44249405e-17 
4.11759018e-01 1.33837932e+00 2.31081778e+00 -3.79421387e-01 3.50403230e-01 6.11248686e-17 -1.07641415e+00 9.87308299e-01 1.65164858e-19 1.32092560e+00 -1.13185347e-01 -1.69113806e-18 1.31902975e+00 2.97588073e-18 1.25016147e+00 8.80563004e-01 1.73625309e+00 -7.11008241e-01 -7.60273219e-02 -2.25835869e-17 2.35137619e+00 3.04852617e+00 3.56292840e-01 -1.88142041e-01 1.28421606e-17 
3.41840299e-01 1.22054847e+00 1.38328861e+00 -9.42157095e-01 1.25116671e+00 -5.46997651e-17 -3.12657211e-01 1.29203442e+00 8.08853267e-18 1.03097757e+00 -1.06927234e+00 -2.17670430e-17 1.59669014e+00 -2.63394488e-17 7.66110539e-01 3.60676988e-01 7.11008241e-01 -6.34724762e-01 -4.24772271e-03 -6.16993719e-18 3.66760037e-01 3.56292840e-01 4.18912100e+00 -7.17777096e-02 5.77831527e-18 
-2.64898075e-01 -9.40317132e-01 -1.03170518e+00 1.17531030e+00 -3.46606139e-01 4.65319943e-17 1.16882309e+00 3.52316813e-01 -6.25118547e-18 -1.56065189e+00 4.90858421e-01 2.37634444e-17 -4.28034659e-01 2.97980339e-17 -5.96641219e-01 -1.50478485e-02 -7.60273219e-02 4.24772271e-03 8.02595402e-02 7.43898054e-19 -1.69938303e-01 -1.88142041e-01 -7.17777096e-02 4.09373204e+00 -9.65924879e-19 
-1.86823727e-17 9.83183664e-18 7.93089690e-18 1.57902259e-18 2.37570355e-18 6.13948514e-01 -7.37482630e-18 1.00820017e-17 1.30294325e+00 5.30499107e-18 -3.72814116e-18 -8.52131578e-01 4.28689463e-18 6.93921957e-01 7.43402457e-18 3.93541415e-18 2.12401828e-18 -2.63434071e-18 -2.06208270e-18 9.00078516e-02 1.44249405e-17 1.28421606e-17 5.77831527e-18 -9.65924879e-19 4.04353443e+00 
  0.131202 seconds (1.90 k allocations: 276.281 KiB)
2      -77.8069221590      -20.9271037608      13.0187908043      0.1395180225 
1.29718346e+01 -3.58531896e+00 2.04873552e+00 1.16516745e-14 -2.72865249e-03 -8.56109937e-17 3.09462245e-15 -1.31387464e-03 -1.29223563e-17 6.13077963e-01 -1.24882888e-14 6.90792036e-17 6.11345112e-01 -6.91186096e-17 6.09014189e-01 3.47632396e-01 6.32487423e-01 -5.22044395e-01 -4.08182965e-01 1.60199949e-17 3.47632396e-01 6.32487423e-01 5.22044395e-01 -4.08182965e-01 -1.97107530e-17 
-3.58531896e+00 8.72719519e+00 4.78806362e+00 -2.82804903e-15 7.37791327e-02 5.01615767e-17 -5.80532433e-16 2.67776268e-02 4.46487828e-17 4.43064258e+00 3.45505575e-15 -2.50987500e-17 4.43166634e+00 1.13310647e-17 4.43418136e+00 1.18554599e+00 1.82390541e+00 -1.66819687e+00 -1.29078268e+00 1.52995277e-17 1.18554599e+00 1.82390541e+00 1.66819687e+00 -1.29078268e+00 1.36478452e-17 
2.04873552e+00 4.78806362e+00 5.93930535e+00 1.80764244e-15 3.78891091e-02 -2.09690633e-17 1.48979888e-15 2.46488428e-02 -3.07141149e-18 4.22363882e+00 -2.28549330e-15 5.51744330e-18 4.22527850e+00 -1.46920867e-17 4.22813024e+00 2.08122589e+00 3.03273382e+00 -1.84251407e+00 -1.42691137e+00 8.99349034e-18 2.08122589e+00 3.03273382e+00 1.84251407e+00 -1.42691137e+00 -7.91089772e-18 
1.16516745e-14 -2.82804903e-15 1.80764244e-15 8.66471011e+00 1.20980548e-15 8.66203633e-18 3.20511142e+00 2.26137826e-15 -4.11579220e-17 1.05638242e-15 -2.43373689e-02 -3.85920753e-17 8.21519955e-16 2.98358467e-17 1.09153738e-15 9.70273850e-01 4.78431574e-01 -1.24086167e+00 -1.54273153e+00 -4.24963154e-17 -9.70273850e-01 -4.78431574e-01 -1.24086167e+00 1.54273153e+00 -4.78880550e-18 
-2.72865249e-03 7.37791327e-02 3.78891091e-02 1.20980548e-15 8.60708537e+00 -2.40888452e-17 5.36226994e-16 3.18974001e+00 1.91422548e-17 2.15235129e-02 -1.60209026e-16 1.88554363e-17 6.60346296e-02 -3.41410462e-17 5.00397734e-02 7.64956839e-01 3.74615901e-01 -1.55380711e+00 -4.79947847e-01 9.44905204e-18 7.64956839e-01 3.74615901e-01 1.55380711e+00 -4.79947847e-01 -2.88935243e-18 
-8.56109937e-17 5.01615767e-17 -2.09690633e-17 8.66203633e-18 -2.40888452e-17 8.53113500e+00 3.77963479e-17 -1.28514314e-17 3.17088272e+00 -4.60461089e-18 3.87176390e-17 4.30419201e-16 1.01285945e-17 2.85645027e-02 -1.47065816e-19 2.35893737e-18 -1.26872423e-17 -1.60634629e-17 -9.31239972e-18 7.13928536e-01 -8.51298128e-17 -2.96184413e-17 -3.48325915e-17 -1.48977960e-18 7.13928536e-01 
3.09462245e-15 -5.80532433e-16 1.48979888e-15 3.20511142e+00 5.36226994e-16 3.77963479e-17 4.70197289e+00 2.64373325e-15 -8.71690048e-18 -5.08878805e-16 -2.62721194e-02 -3.10036581e-17 -3.29323333e-16 2.47938578e-17 4.73787176e-16 2.06175591e+00 1.30873589e+00 -4.62464755e-01 -1.50177612e+00 -3.64294440e-17 -2.06175591e+00 -1.30873589e+00 -4.62464755e-01 1.50177612e+00 1.08625230e-17 
-1.31387464e-03 2.67776268e-02 2.46488428e-02 2.26137826e-15 3.18974001e+00 -1.28514314e-17 2.64373325e-15 4.70521262e+00 1.70521005e-17 -3.96097968e-03 -7.10272935e-16 1.53317354e-17 3.71924111e-02 -2.78145218e-17 2.39773677e-02 1.62170634e+00 1.03344751e+00 -1.52029023e+00 2.93443645e-01 3.20483353e-18 1.62170634e+00 1.03344751e+00 1.52029023e+00 2.93443645e-01 -8.71902841e-18 
-1.29223563e-17 4.46487828e-17 -3.07141149e-18 -4.11579220e-17 1.91422548e-17 3.17088272e+00 -8.71690048e-18 1.70521005e-17 4.70889031e+00 8.46095214e-18 2.20008934e-17 4.73359569e-16 1.79211541e-17 2.57431717e-02 1.11738417e-17 -6.05946057e-18 -1.39178244e-17 -1.92178200e-17 1.14838007e-18 1.46350403e+00 -3.16687996e-17 -6.22880191e-18 -3.83550572e-18 -2.03074589e-17 1.46350403e+00 
6.13077963e-01 4.43064258e+00 4.22363882e+00 1.05638242e-15 2.15235129e-02 -4.60461089e-18 -5.08878805e-16 -3.96097968e-03 8.46095214e-18 6.96664871e+00 -1.91289683e-15 7.42536821e-19 2.01458389e+00 -8.86632525e-18 2.02229138e+00 1.53347808e+00 1.80570932e+00 -1.41418254e+00 -2.09888041e+00 2.43117521e-18 1.53347808e+00 1.80570932e+00 1.41418254e+00 -2.09888041e+00 -2.03838333e-18 
-1.24882888e-14 3.45505575e-15 -2.28549330e-15 -2.43373689e-02 -1.60209026e-16 3.87176390e-17 -2.62721194e-02 -7.10272935e-16 2.20008934e-17 -1.91289683e-15 7.41391829e+00 -3.27957401e-18 -6.46683587e-17 1.02296682e-17 5.98851967e-16 9.52521137e-01 1.28191632e-01 -1.35008556e+00 -6.15142400e-01 -3.47999200e-18 -9.52521137e-01 -1.28191632e-01 -1.35008556e+00 6.15142400e-01 1.25243333e-17 
6.90792036e-17 -2.50987500e-17 5.51744330e-18 -3.85920753e-17 1.88554363e-17 4.30419201e-16 -3.10036581e-17 1.53317354e-17 4.73359569e-16 7.42536821e-19 -3.27957401e-18 7.41614472e+00 -2.50271951e-18 2.55881436e-15 1.28192515e-19 -6.49082395e-18 -3.97300283e-18 1.25336822e-18 7.90943394e-18 1.10608933e+00 2.08092189e-17 8.84718892e-18 1.62396488e-17 -1.14893749e-17 -1.10608933e+00 
6.11345112e-01 4.43166634e+00 4.22527850e+00 8.21519955e-16 6.60346296e-02 1.01285945e-17 -3.29323333e-16 3.71924111e-02 1.79211541e-17 2.01458389e+00 -6.46683587e-17 -2.50271951e-18 6.96518209e+00 -6.79729478e-18 2.02402866e+00 1.26601069e+00 1.77414434e+00 -2.06917625e+00 -6.03846510e-01 1.24641241e-17 1.26601069e+00 1.77414434e+00 2.06917625e+00 -6.03846510e-01 1.16789967e-18 
-6.91186096e-17 1.13310647e-17 -1.46920867e-17 2.98358467e-17 -3.41410462e-17 2.85645027e-02 2.47938578e-17 -2.78145218e-17 2.57431717e-02 -8.86632525e-18 1.02296682e-17 2.55881436e-15 -6.79729478e-18 7.40883297e+00 -4.43649994e-18 3.18766162e-18 -1.60280046e-18 5.07108828e-18 -2.19838442e-18 8.68301610e-01 -2.77100011e-17 -1.45833014e-17 -2.32473992e-17 1.18019874e-17 8.68301610e-01 
6.09014189e-01 4.43418136e+00 4.22813024e+00 1.09153738e-15 5.00397734e-02 -1.47065816e-19 4.73787176e-16 2.39773677e-02 1.11738417e-17 2.02229138e+00 5.98851967e-16 1.28192515e-19 2.02402866e+00 -4.43649994e-18 6.95894583e+00 8.30486534e-01 1.71456189e+00 -1.06449171e+00 -8.22295515e-01 1.53709440e-17 8.30486534e-01 1.71456189e+00 1.06449171e+00 -8.22295515e-01 1.17015225e-18 
3.47632396e-01 1.18554599e+00 2.08122589e+00 9.70273850e-01 7.64956839e-01 2.35893737e-18 2.06175591e+00 1.62170634e+00 -6.05946057e-18 1.53347808e+00 9.52521137e-01 -6.49082395e-18 1.26601069e+00 3.18766162e-18 8.30486534e-01 4.31389804e+00 2.78449437e+00 -6.69600217e-01 -5.05588260e-01 -2.34437774e-17 3.36516192e-01 1.09047998e+00 4.59340880e-01 -5.73180920e-02 -1.24742139e-18 
6.32487423e-01 1.82390541e+00 3.03273382e+00 4.78431574e-01 3.74615901e-01 -1.26872423e-17 1.30873589e+00 1.03344751e+00 -1.39178244e-17 1.80570932e+00 1.28191632e-01 -3.97300283e-18 1.77414434e+00 -1.60280046e-18 1.71456189e+00 2.78449437e+00 3.59179312e+00 -5.64928730e-01 -4.28512970e-01 -1.17259788e-17 1.09047998e+00 2.11355207e+00 8.89398407e-01 -1.88243059e-01 -5.79048978e-18 
-5.22044395e-01 -1.66819687e+00 -1.84251407e+00 -1.24086167e+00 -1.55380711e+00 -1.60634629e-17 -4.62464755e-01 -1.52029023e+00 -1.92178200e-17 -1.41418254e+00 -1.35008556e+00 1.25336822e-18 -2.06917625e+00 5.07108828e-18 -1.06449171e+00 -6.69600217e-01 -5.64928730e-01 4.62039141e+00 2.17817412e-01 -2.22833593e-18 -4.59340880e-01 -8.89398407e-01 -7.80070453e-01 5.22594205e-02 -3.52343257e-18 
-4.08182965e-01 -1.29078268e+00 -1.42691137e+00 -1.54273153e+00 -4.79947847e-01 -9.31239972e-18 -1.50177612e+00 2.93443645e-01 1.14838007e-18 -2.09888041e+00 -6.15142400e-01 7.90943394e-18 -6.03846510e-01 -2.19838442e-18 -8.22295515e-01 -5.05588260e-01 -4.28512970e-01 2.17817412e-01 4.49956819e+00 9.11314096e-18 -5.73180920e-02 -1.88243059e-01 -5.22594205e-02 1.23952325e-01 -4.00055669e-19 
1.60199949e-17 1.52995277e-17 8.99349034e-18 -4.24963154e-17 9.44905204e-18 7.13928536e-01 -3.64294440e-17 3.20483353e-18 1.46350403e+00 2.43117521e-18 -3.47999200e-18 1.10608933e+00 1.24641241e-17 8.68301610e-01 1.53709440e-17 -2.34437774e-17 -1.17259788e-17 -2.22833593e-18 9.11314096e-18 4.32580645e+00 1.02317617e-17 1.07973430e-17 9.81960794e-18 -1.60269393e-17 8.76266536e-02 
3.47632396e-01 1.18554599e+00 2.08122589e+00 -9.70273850e-01 7.64956839e-01 -8.51298128e-17 -2.06175591e+00 1.62170634e+00 -3.16687996e-17 1.53347808e+00 -9.52521137e-01 2.08092189e-17 1.26601069e+00 -2.77100011e-17 8.30486534e-01 3.36516192e-01 1.09047998e+00 -4.59340880e-01 -5.73180920e-02 1.02317617e-17 4.31389804e+00 2.78449437e+00 6.69600217e-01 -5.05588260e-01 -2.94881998e-17 
6.32487423e-01 1.82390541e+00 3.03273382e+00 -4.78431574e-01 3.74615901e-01 -2.96184413e-17 -1.30873589e+00 1.03344751e+00 -6.22880191e-18 1.80570932e+00 -1.28191632e-01 8.84718892e-18 1.77414434e+00 -1.45833014e-17 1.71456189e+00 1.09047998e+00 2.11355207e+00 -8.89398407e-01 -1.88243059e-01 1.07973430e-17 2.78449437e+00 3.59179312e+00 5.64928730e-01 -4.28512970e-01 -1.25072455e-17 
5.22044395e-01 1.66819687e+00 1.84251407e+00 -1.24086167e+00 1.55380711e+00 -3.48325915e-17 -4.62464755e-01 1.52029023e+00 -3.83550572e-18 1.41418254e+00 -1.35008556e+00 1.62396488e-17 2.06917625e+00 -2.32473992e-17 1.06449171e+00 4.59340880e-01 8.89398407e-01 -7.80070453e-01 -5.22594205e-02 9.81960794e-18 6.69600217e-01 5.64928730e-01 4.62039141e+00 -2.17817412e-01 -1.08871446e-17 
-4.08182965e-01 -1.29078268e+00 -1.42691137e+00 1.54273153e+00 -4.79947847e-01 -1.48977960e-18 1.50177612e+00 2.93443645e-01 -2.03074589e-17 -2.09888041e+00 6.15142400e-01 -1.14893749e-17 -6.03846510e-01 1.18019874e-17 -8.22295515e-01 -5.73180920e-02 -1.88243059e-01 5.22594205e-02 1.23952325e-01 -1.60269393e-17 -5.05588260e-01 -4.28512970e-01 -2.17817412e-01 4.49956819e+00 -2.16523798e-18 
-1.97107530e-17 1.36478452e-17 -7.91089772e-18 -4.78880550e-18 -2.88935243e-18 7.13928536e-01 1.08625230e-17 -8.71902841e-18 1.46350403e+00 -2.03838333e-18 1.25243333e-17 -1.10608933e+00 1.16789967e-18 8.68301610e-01 1.17015225e-18 -1.24742139e-18 -5.79048978e-18 -3.52343257e-18 -4.00055669e-19 8.76266536e-02 -2.94881998e-17 -1.25072455e-17 -1.08871446e-17 -2.16523798e-18 4.32580645e+00 
  0.001786 seconds (1.90 k allocations: 276.281 KiB)
3      -77.6356380456      0.1712841134      0.2944634106      0.0057351589 
1.26804707e+01 -3.50372664e+00 2.00302013e+00 1.19259243e-14 1.77398659e-03 -6.21954414e-17 3.06686055e-15 -7.74505457e-04 -1.60418012e-17 6.01467855e-01 -1.23537453e-14 7.68993132e-17 5.99364342e-01 -7.02952657e-17 5.96338082e-01 3.39786615e-01 6.18206367e-01 -5.10934867e-01 -3.99507609e-01 1.79570182e-17 3.39786615e-01 6.18206367e-01 5.10934867e-01 -3.99507609e-01 -2.11861229e-17 
-3.50372664e+00 8.58425936e+00 4.71572830e+00 -4.56275943e-15 1.06859813e-01 2.15876380e-17 -9.37479095e-16 4.40111640e-02 2.55274188e-17 4.36732376e+00 3.45755548e-15 -5.56338506e-18 4.36898689e+00 1.71902574e-17 4.36765846e+00 1.16877332e+00 1.79283432e+00 -1.65434713e+00 -1.27543163e+00 2.69946435e-18 1.16877332e+00 1.79283432e+00 1.65434713e+00 -1.27543163e+00 1.13130861e-17 
